     1     -2.3649013083E-02   4.8077200176E-01  -7.2786083517E-02   8.8213103480E-02  -1.4425578267E-01
    2     -4.1232462668E-02  -7.2786083517E-02   3.9562462646E-01  -7.4335535105E-02   9.3273250490E-02
    3     -1.1630563181E-01   8.8213103480E-02  -7.4335535105E-02   1.3158885054E-01  -9.8554328708E-02
    4      8.9537099173E-02  -1.4425578267E-01   9.3273250490E-02  -9.8554328708E-02   1.6022596901E-01
    5     -7.3407421375E-02   9.0836906371E-02  -1.1368842679E-01   8.9956687137E-02  -1.0066986848E-01
    6     -1.1597273747E-01  -1.0856852279E-01   3.8538858195E-02   8.5390554041E-03   1.2933159770E-02
    7     -1.0843822921E-01  -2.0204421920E-01   5.7295206185E-02  -1.0535699237E-02  -1.9661087983E-02
    8      4.0147303610E-02   5.9733631334E-02  -5.6238289349E-02   8.7644705989E-03   1.4824617520E-02
    9     -2.2040555735E-01   5.9582515461E-02   1.0418879806E-01  -1.7762013416E-02   6.4161665727E-03
   10      5.8128150846E-02  -5.9356444066E-02  -2.9836829497E-02   2.0674180439E-02  -6.4349797416E-03
   11      1.0165202189E-01  -2.9839061436E-02  -9.4494473831E-02  -1.2797991392E-02   4.7050400053E-03
   12     -1.8856701714E-03   1.8854173136E-03   3.2871505036E-03  -7.2122202523E-04  -8.1252402965E-04
   13      1.8854081056E-03   3.7461783311E-04   5.8028544423E-03  -1.1178350435E-03   2.9975384907E-04
   14      3.2870839552E-03   5.8027644844E-03   7.1631295439E-03  -5.8383846441E-04  -7.0317566780E-04
   15     -5.4555193844E-02  -1.7463492607E-02  -3.0446795312E-02  -5.3388765082E-03  -9.5195858221E-03
   16     -1.7463534887E-02  -7.5490791284E-02  -5.3748628419E-02   1.3206057436E-03   9.8263826128E-03
   17     -3.0446990664E-02  -5.3748955725E-02  -1.3836824681E-01  -1.1003792893E-02  -1.1429851214E-02
                    5                  6                  7                  8                  9
    0     -7.3407421375E-02  -1.1597273747E-01  -1.0843822921E-01   4.0147303610E-02  -2.2040555735E-01
    1      9.0836906371E-02  -1.0856852279E-01  -2.0204421920E-01   5.9733631334E-02   5.9582515461E-02
    2     -1.1368842679E-01   3.8538858195E-02   5.7295206185E-02  -5.6238289349E-02   1.0418879806E-01
    3      8.9956687137E-02   8.5390554041E-03  -1.0535699237E-02   8.7644705989E-03  -1.7762013416E-02
    4     -1.0066986848E-01   1.2933159770E-02  -1.9661087983E-02   1.4824617520E-02   6.4161665727E-03
    5      1.4010015439E-01  -4.6867642842E-03   1.0246890604E-02  -4.9866876662E-03   7.1106410187E-03
    6     -4.6867642842E-03   1.3120801467E-01   1.2725475615E-01  -3.9572661171E-02  -1.7723480200E-02
    7      1.0246890604E-02   1.2725475615E-01   2.3335036194E-01  -5.8192348172E-02   2.8645375906E-03
    8     -4.9866876662E-03  -3.9572661171E-02  -5.8192348172E-02   6.7361607932E-02   9.1245916700E-03
    9      7.1106410187E-03  -1.7723480200E-02   2.8645375906E-03   9.1245916700E-03   2.4537946369E-01
   10     -7.6656297002E-03  -2.1510917000E-02   5.6482321940E-03   1.1820332100E-02  -6.6840771711E-02
   11      8.0883128872E-03   1.1386042858E-02  -5.6522065745E-04  -4.0334312066E-03  -1.1688144406E-01
   12     -3.6978918162E-04  -7.2295874283E-04   9.0170896738E-05  -8.8663852630E-04   9.2759319392E-04
   13     -1.2649327879E-03   6.0113823488E-05  -8.5030310768E-04  -1.3777590780E-03  -9.3631963220E-05
   14     -2.3970864784E-03  -1.2575571244E-03  -1.9400688344E-03  -1.2451835017E-03  -1.6589929601E-04
   15     -1.8603412580E-02  -5.3277321077E-03  -1.1235581817E-02  -1.7577108294E-02   9.5842577207E-03
   16      8.5166552126E-03  -1.0168655117E-02  -1.6442860435E-02  -2.6808507499E-02  -1.9288109043E-03
   17     -2.7116181824E-02  -4.4078987918E-03  -6.8444296981E-03  -8.5787039338E-04  -3.3766799890E-03
                   10                 11                 12                 13                 14
    0      5.8128150846E-02   1.0165202189E-01  -1.8856701714E-03   1.8854081056E-03   3.2870839552E-03
    1     -5.9356444066E-02  -2.9839061436E-02   1.8854173136E-03   3.7461783311E-04   5.8027644844E-03
    2     -2.9836829497E-02  -9.4494473831E-02   3.2871505036E-03   5.8028544423E-03   7.1631295439E-03
    3      2.0674180439E-02  -1.2797991392E-02  -7.2122202523E-04  -1.1178350435E-03  -5.8383846441E-04
    4     -6.4349797416E-03   4.7050400053E-03  -8.1252402965E-04   2.9975384907E-04  -7.0317566780E-04
    5     -7.6656297002E-03   8.0883128872E-03  -3.6978918162E-04  -1.2649327879E-03  -2.3970864784E-03
    6     -2.1510917000E-02   1.1386042858E-02  -7.2295874283E-04   6.0113823488E-05  -1.2575571244E-03
    7      5.6482321940E-03  -5.6522065745E-04   9.0170896738E-05  -8.5030310768E-04  -1.9400688344E-03
    8      1.1820332100E-02  -4.0334312066E-03  -8.8663852630E-04  -1.3777590780E-03  -1.2451835017E-03
    9     -6.6840771711E-02  -1.1688144406E-01   9.2759319392E-04  -9.3631963220E-05  -1.6589929601E-04
   10      6.8875100119E-02   4.1475276050E-02  -4.2897620033E-04  -1.3463137907E-03  -9.0024403797E-04
   11      4.1475276050E-02   1.1766683930E-01  -7.5080626325E-04  -9.0072024395E-04  -2.3998218810E-03
   12     -4.2897620033E-04  -7.5080626325E-04   1.7942869104E-03   1.5623477696E-03   2.7238047512E-03
   13     -1.3463137907E-03  -9.0072024395E-04   1.5623477696E-03   3.6672943630E-03   4.8083751737E-03
   14     -9.0024403797E-04  -2.3998218810E-03   2.7238047512E-03   4.8083751737E-03   9.2922163921E-03
   15      9.9783637655E-03   1.7392230159E-02   6.0786825519E-04  -2.2963612135E-03  -4.0035172854E-03
   16     -7.3854876936E-03  -1.4875338394E-02  -2.2963574860E-03  -2.1450899865E-03  -7.0674547592E-03
   17     -1.4892896002E-02  -2.4827342096E-02  -4.0034869455E-03  -7.0674141500E-03  -1.0412767423E-02
                      15                 16                 17
     0     -5.4555193844E-02  -1.7463534887E-02  -3.0446990664E-02
     1     -1.7463492607E-02  -7.5490791284E-02  -5.3748955725E-02
     2     -3.0446795312E-02  -5.3748628419E-02  -1.3836824681E-01
     3     -5.3388765082E-03   1.3206057436E-03  -1.1003792893E-02
     4     -9.5195858221E-03   9.8263826128E-03  -1.1429851214E-02
     5     -1.8603412580E-02   8.5166552126E-03  -2.7116181824E-02
     6     -5.3277321077E-03  -1.0168655117E-02  -4.4078987918E-03
     7     -1.1235581817E-02  -1.6442860435E-02  -6.8444296981E-03
     8     -1.7577108294E-02  -2.6808507499E-02  -8.5787039338E-04
     9      9.5842577207E-03  -1.9288109043E-03  -3.3766799890E-03
    10      9.9783637655E-03  -7.3854876936E-03  -1.4892896002E-02
    11      1.7392230159E-02  -1.4875338394E-02  -2.4827342096E-02
    12      6.0786825519E-04  -2.2963574860E-03  -4.0034869455E-03
    13     -2.2963612135E-03  -2.1450899865E-03  -7.0674141500E-03
    14     -4.0035172854E-03  -7.0674547592E-03  -1.0412767423E-02
    15      5.5029703393E-02   3.0536731929E-02   5.3238807256E-02
    16      3.0536731929E-02   9.1638019727E-02   9.3983618000E-02
    17      5.3238807256E-02   9.3983618000E-02   2.0158328917E-01